
A = [0 0 1 0;
     0 0 0 1;
     74.498 -38.25 -56.046 86.342;
     -114.76 101.34 86.34 -228.73]
B = [0; 0; 112.0919; -174.6856]

C = [0 -172.6857 49177.0222 -1308526.7761;
     0 457.4635 -119546.5709 3165353.3224;
     -172.6857 49177.0222 -13108526.7761 3476215708.369;
     457.4635 -1195465709 31656353.3224 -8390398003.8739];

y = poly([-265.06819578, -21.41386813, 0.44133215, 1.26291604])

A_ = [0 1 0 0
      0 0 1 0
      0 0 0 1
      -3163.7 9513.9 -5188.5 -2848];

A*B  
% B_ = [0; 0; 0; 1];
% A_*A_*B_

% C = [0 -170 49000 -13100000;
%     0 460 -120]